image_width: 1280
image_height: 1024
camera_name: camera_driver

camera_matrix:
  rows: 3
  cols: 3
  data: [
    1330.649408921195, 0.0,               627.2791611048931,
    0.0,               1332.3006999890033, 533.2806702069377,
    0.0,               0.0,               1.0
  ]

distortion_model: plumb_bob
distortion_coefficients:
  rows: 1
  cols: 5
  data: [
    -0.14828277112729327,
     0.7868245788660153,
     0.0023478362007317123,
     0.002535817596959765,
    -1.5222934363748177
  ]

rectification_matrix:
  rows: 3
  cols: 3
  data: [
    1.0, 0.0, 0.0,
    0.0, 1.0, 0.0,
    0.0, 0.0, 1.0
  ]

projection_matrix:
  rows: 3
  cols: 4
  data: [
    1330.649408921195, 0.0,               627.2791611048931, 0.0,
    0.0,               1332.3006999890033, 533.2806702069377, 0.0,
    0.0,               0.0,               1.0,               0.0
  ]
