image_width: 1280
image_height: 1024
camera_name: hik_camera

camera_matrix:
  rows: 3
  cols: 3
  data: [894.68625045611259, 0.0, 617.46500730321213,
         0.0, 891.08489094970378, 522.46354617943166,
         0.0, 0.0, 1.0]

distortion_model: plumb_bob
distortion_coefficients:
  rows: 1
  cols: 5
  data: [-0.082532110455898991, 0.14232178085621297,
         -0.00084493510636606548, 0.00100832510099052,
         0.017155063227742885]

rectification_matrix:
  rows: 3
  cols: 3
  data: [1.0, 0.0, 0.0,
         0.0, 1.0, 0.0,
         0.0, 0.0, 1.0]

projection_matrix:
  rows: 3
  cols: 4
  data: [894.68625045611259, 0.0, 617.46500730321213, 0.0,
         0.0, 891.08489094970378, 522.46354617943166, 0.0,
         0.0, 0.0, 1.0, 0.0]
